_viz_0 = nengo_gui.components.Slider(speed)
_viz_config[_viz_0].label_visible = True
_viz_config[_viz_0].width = 0.10224948875255624
_viz_config[_viz_0].x = 0.1070258004874358
_viz_config[_viz_0].y = 0.44082332761578047
_viz_config[_viz_0].max_value = 2
_viz_config[_viz_0].min_value = -2
_viz_config[_viz_0].height = 0.1179245283018868
_viz_1 = nengo_gui.components.Value(sensors)
_viz_config[_viz_1].synapse = 0.01
_viz_config[_viz_1].max_value = 1
_viz_config[_viz_1].min_value = -1
_viz_config[_viz_1].legend_labels = [u'label_0', u'label_1', u'label_2', u'label_3', u'label_4', u'label_5', u'label_6', u'label_7']
_viz_config[_viz_1].height = 0.1179245283018868
_viz_config[_viz_1].label_visible = True
_viz_config[_viz_1].width = 0.20449897750511248
_viz_config[_viz_1].show_legend = False
_viz_config[_viz_1].y = 0.1350414522584331
_viz_config[_viz_1].x = 0.7387595596268592
_viz_ace_editor = nengo_gui.components.AceEditor()
_viz_net_graph = nengo_gui.components.NetGraph()
_viz_sim_control = nengo_gui.components.SimControl()
_viz_config[_viz_sim_control].kept_time = 4.0
_viz_config[_viz_sim_control].shown_time = 0.5
_viz_config[model].pos=(0, 0)
_viz_config[model].size=(1.0, 1.0)
_viz_config[model].expanded=True
_viz_config[model].has_layout=True
_viz_config[motor].pos=(0.34931506849315064, 0.696969696969697)
_viz_config[motor].size=(0.0684931506849315, 0.15151515151515155)
_viz_config[robot].pos=(0.6447600638709138, 0.3481989708404802)
_viz_config[robot].size=(0.07626691318598207, 0.04574042309891355)
_viz_config[sensors].pos=(0.8972602739726027, 0.696969696969697)
_viz_config[sensors].size=(0.0684931506849315, 0.15151515151515155)
_viz_config[speed].pos=(0.08904109589041095, 0.696969696969697)
_viz_config[speed].size=(0.0547945205479452, 0.12121212121212122)