_viz_ace_editor = nengo_gui.components.AceEditor()
_viz_net_graph = nengo_gui.components.NetGraph()
_viz_sim_control = nengo_gui.components.SimControl()
_viz_config[_viz_sim_control].kept_time = 4.0
_viz_config[_viz_sim_control].shown_time = 0.5
_viz_config[adaptation].pos=(0.8999999999999999, 0.4842105263157895)
_viz_config[adaptation].size=(0.06666666666666667, 0.10526315789473685)
_viz_config[copter].pos=(0.25725971370143097, 0.29265764647467757)
_viz_config[copter].size=(0.06662576687116568, 0.044705809334657336)
_viz_config[model].pos=(0, 0)
_viz_config[model].size=(1.0, 1.0)
_viz_config[model].expanded=True
_viz_config[model].has_layout=True
_viz_config[motor].pos=(0.1, 0.4842105263157895)
_viz_config[motor].size=(0.06666666666666667, 0.10526315789473685)
_viz_config[state].pos=(0.6824130879345599, 0.2882944389275073)
_viz_config[state].size=(0.06666666666666667, 0.10526315789473685)